1.91	0	0
1.92	0	0
1.93	0	0
1.94	0	0
1.95	0	0
1.96	0	0
1.97	0	0
1.98	0	0
1.99	0	0
2	0	0
2.01	1	1.00039
2.02	0	0
2.03	1	1.00039
2.04	0	0
2.05	0	0
2.06	0	0
2.07	0	0
2.08	0	0
2.09	0	0
2.1	0	0
2.11	0	0
2.12	0	0
2.13	0	0
2.14	0	0
2.15	0	0
2.16	0	0
2.17	0	0
2.18	0	0
2.19	0	0
2.2	0	0
2.21	1	1.00039
2.22	1	1.00041
2.23	0	0
2.24	0	0
2.25	1	1.0004
2.26	0	0
2.27	0	0
2.28	0	0
2.29	0	0
2.3	0	0
2.31	0	0
2.32	0	0
2.33	0	0
2.34	1	1.00041
2.35	0	0
2.36	1	1.0004
2.37	0	0
2.38	1	1.0004
2.39	0	0
2.4	0	0
2.41	1	1.00043
2.42	0	0
2.43	2	2.00081
2.44	0	0
2.45	1	1.00039
2.46	1	1.00038
2.47	1	1.00036
2.48	0	0
2.49	2	2.00074
2.5	0	0
2.51	0	0
2.52	0	0
2.53	0	0
2.54	0	0
2.55	0	0
2.56	1	1.00035
2.57	1	1.00039
2.58	2	2.00076
2.59	0	0
2.6	0	0
2.61	1	1.00038
2.62	1	1.00036
2.63	0	0
2.64	0	0
2.65	1	1.00041
2.66	0	0
2.67	2	2.00078
2.68	0	0
2.69	0	0
2.7	0	0
2.71	0	0
2.72	1	1.00039
2.73	2	2.00079
2.74	0	0
2.75	0	0
2.76	0	0
2.77	2	2.00077
2.78	1	1.00043
2.79	3	3.0012
2.8	0	0
2.81	0	0
2.82	0	0
2.83	2	2.00073
2.84	0	0
2.85	0	0
2.86	2	2.00073
2.87	3	3.00123
2.88	0	0
2.89	2	2.00078
2.9	3	3.00142
2.91	0	0
2.92	0	0
2.93	0	0
2.94	1	1.00041
2.95	3	3.00111
2.96	3	3.00119
2.97	0	0
2.98	1	1.00034
2.99	2	2.00074
3	1	1.00039
3.01	1	1.00041
3.02	3	3.00113
3.03	1	1.00041
3.04	0	0
3.05	0	0
3.06	2	2.00075
3.07	1	1.00043
3.08	3	3.0012
3.09	0	0
3.1	1	1.00041
3.11	0	0
3.12	1	1.0004
3.13	0	0
3.14	3	3.00118
3.15	2	2.00071
3.16	0	0
3.17	2	2.0008
3.18	3	3.00123
3.19	0	0
3.2	2	2.00084
3.21	3	3.00141
3.22	2	2.00083
3.23	3	3.0012
3.24	2	2.0008
3.25	1	1.00039
3.26	2	2.00077
3.27	1	1.00043
3.28	0	0
3.29	1	1.00036
3.3	1	1.00037
3.31	3	3.00109
3.32	2	2.00074
3.33	2	2.00084
3.34	4	4.00162
3.35	2	2.00081
3.36	1	1.00041
3.37	1	1.00043
3.38	5	5.00198
3.39	2	2.00075
3.4	1	1.00035
3.41	0	0
3.42	0	0
3.43	2	2.00086
3.44	1	1.00037
3.45	3	3.00121
3.46	1	1.00041
3.47	0	0
3.48	3	3.00119
3.49	2	2.00081
3.5	1	1.00041
3.51	2	2.00082
3.52	1	1.00046
3.53	1	1.00038
3.54	3	3.00111
3.55	1	1.00045
3.56	4	4.00156
3.57	0	0
3.58	1	1.0004
3.59	1	1.00038
3.6	1	1.0004
3.61	0	0
3.62	0	0
3.63	1	1.00044
3.64	3	3.00112
3.65	1	1.0004
3.66	1	1.00039
3.67	4	4.0016
3.68	2	2.00075
3.69	1	1.00042
3.7	1	1.0004
3.71	3	3.0013
3.72	1	1.00038
3.73	0	0
3.74	2	2.00081
3.75	4	4.00155
3.76	1	1.00041
3.77	2	2.00084
3.78	1	1.00042
3.79	1	1.00044
3.8	0	0
3.81	2	2.00075
3.82	3	3.00127
3.83	2	2.00075
3.84	1	1.00041
3.85	1	1.00044
3.86	4	4.00161
3.87	1	1.00041
3.88	3	3.00114
3.89	1	1.00036
3.9	3	3.00113
3.91	1	1.00037
3.92	3	3.00122
3.93	0	0
3.94	4	4.00172
3.95	1	1.0004
3.96	2	2.0008
3.97	1	1.00041
3.98	2	2.0008
3.99	0	0
4	1	1.0004
4.01	0	0
4.02	2	2.00086
4.03	0	0
4.04	2	2.00082
4.05	3	3.00115
4.06	4	4.00148
4.07	0	0
4.08	1	1.00039
4.09	5	5.00194
4.1	0	0
4.11	2	2.00073
4.12	1	1.00039
4.13	3	3.00116
4.14	4	4.00156
4.15	0	0
4.16	2	2.00075
4.17	2	2.00082
4.18	3	3.00126
4.19	3	3.00131
4.2	1	1.00043
4.21	1	1.0004
4.22	1	1.00042
4.23	0	0
4.24	1	1.0004
4.25	1	1.00045
4.26	1	1.00039
4.27	2	2.00084
4.28	3	3.00121
4.29	0	0
4.3	3	3.00118
4.31	3	3.00114
4.32	1	1.00061
4.33	1	1.0004
4.34	1	1.00041
4.35	3	3.0012
4.36	3	3.00118
4.37	5	5.00202
4.38	1	1.00041
4.39	1	1.00044
4.4	3	3.00112
4.41	1	1.00046
4.42	3	3.00112
4.43	7	7.00283
4.44	1	1.00043
4.45	2	2.00075
4.46	1	1.0004
4.47	2	2.0008
4.48	1	1.00045
4.49	0	0
4.5	2	2.00073
4.51	5	5.00206
4.52	5	5.00203
4.53	1	1.00038
4.54	2	2.00078
4.55	0	0
4.56	1	1.00042
4.57	3	3.00117
4.58	3	3.00125
4.59	2	2.00082
4.6	2	2.00083
4.61	3	3.00118
4.62	2	2.0008
4.63	0	0
4.64	2	2.00083
4.65	1	1.0004
4.66	3	3.00134
4.67	2	2.00083
4.68	2	2.00087
4.69	1	1.00042
4.7	4	4.00158
4.71	0	0
4.72	4	4.00169
4.73	3	3.00123
4.74	2	2.00075
4.75	1	1.00056
4.76	2	2.0008
4.77	1	1.0004
4.78	0	0
4.79	2	2.00075
4.8	3	3.00129
4.81	3	3.0012
4.82	1	1.00037
4.83	3	3.00129
4.84	1	1.00038
4.85	1	1.00038
4.86	2	2.00075
4.87	2	2.00078
4.88	1	1.00041
4.89	0	0
4.9	0	0
4.91	2	2.00083
4.92	0	0
4.93	0	0
4.94	1	1.0004
4.95	2	2.00077
4.96	1	1.00037
4.97	6	6.00234
4.98	1	1.0004
4.99	3	3.00123
5	1	1.0004
5.01	2	2.00082
5.02	0	0
5.03	5	5.00199
5.04	1	1.00038
5.05	2	2.00083
5.06	0	0
5.07	1	1.00038
5.08	0	0
5.09	3	3.00113
5.1	3	3.00121
5.11	2	2.00075
5.12	2	2.00083
5.13	7	7.00292
5.14	4	4.00161
5.15	2	2.00087
5.16	3	3.00128
5.17	3	3.00121
5.18	0	0
5.19	2	2.00082
5.2	0	0
5.21	1	1.0004
5.22	3	3.00123
5.23	1	1.00039
5.24	3	3.00119
5.25	4	4.00169
5.26	2	2.0008
5.27	0	0
5.28	2	2.00083
5.29	0	0
5.3	1	1.00041
5.31	1	1.00045
5.32	0	0
5.33	0	0
5.34	0	0
5.35	1	1.0004
5.36	0	0
5.37	2	2.00078
5.38	2	2.00083
5.39	1	1.00056
5.4	3	3.00123
5.41	1	1.00042
5.42	2	2.00082
5.43	3	3.00128
5.44	6	6.00239
5.45	0	0
5.46	1	1.00037
5.47	1	1.00046
5.48	3	3.00123
5.49	0	0
5.5	2	2.00085
5.51	0	0
5.52	2	2.0008
5.53	2	2.00082
5.54	2	2.00096
5.55	3	3.00131
5.56	2	2.00073
5.57	0	0
5.58	1	1.00038
5.59	1	1.00043
5.6	4	4.00156
5.61	3	3.00117
5.62	4	4.00194
5.63	3	3.00121
5.64	2	2.00082
5.65	1	1.00046
5.66	3	3.00123
5.67	1	1.00042
5.68	2	2.00088
5.69	1	1.00041
5.7	3	3.00128
5.71	4	4.00171
5.72	1	1.00048
5.73	2	2.00081
5.74	1	1.00042
5.75	0	0
5.76	2	2.00076
5.77	3	3.00144
5.78	0	0
5.79	3	3.00146
5.8	1	1.00039
5.81	2	2.00086
5.82	2	2.00083
5.83	0	0
5.84	1	1.00039
5.85	4	4.00164
5.86	0	0
5.87	2	2.00092
5.88	3	3.00116
5.89	2	2.00083
5.9	3	3.0016
5.91	1	1.0004
5.92	3	3.00153
5.93	3	3.00175
5.94	3	3.0015
5.95	2	2.00089
5.96	4	4.00225
5.97	1	1.00046
5.98	3	3.00132
5.99	1	1.00045
6	2	2.00081
6.01	0	0
6.02	0	0
6.03	0	0
6.04	1	1.00043
6.05	0	0
6.06	4	4.00189
6.07	0	0
6.08	0	0
6.09	1	1.00045
6.1	3	3.00161
6.11	2	2.00095
6.12	1	1.00044
6.13	1	1.00037
6.14	3	3.00211
6.15	2	2.00111
6.16	2	2.00103
6.17	0	0
6.18	1	1.0004
6.19	3	3.00115
6.2	2	2.00104
6.21	1	1.00041
6.22	2	2.00076
6.23	3	3.00158
6.24	1	1.00083
6.25	4	4.00172
6.26	1	1.00044
6.27	4	4.00197
6.28	3	3.00162
6.29	0	0
6.3	1	1.00045
6.31	3	3.00155
6.32	3	3.0015
6.33	2	2.0015
6.34	1	1.00082
6.35	0	0
6.36	3	3.00216
6.37	2	2.00127
6.38	1	1.0004
6.39	2	2.00118
6.4	3	3.0015
6.41	3	3.00187
6.42	2	2.00084
6.43	0	0
6.44	3	3.00192
6.45	4	4.002
6.46	1	1.00074
6.47	1	1.00067
6.48	0	0
6.49	0	0
6.5	4	4.0025
6.51	1	1.00043
6.52	3	3.00179
6.53	3	3.00207
6.54	3	3.00201
6.55	1	1.00043
6.56	6	6.00374
6.57	0	0
6.58	0	0
6.59	1	1.00083
6.6	3	3.00147
6.61	2	2.00129
6.62	4	4.00251
6.63	1	1.00065
6.64	6	6.00306
6.65	3	3.00211
6.66	3	3.00181
6.67	0	0
6.68	3	3.00237
6.69	2	2.0013
6.7	1	1.00062
6.71	0	0
6.72	3	3.00194
6.73	1	1.00074
6.74	4	4.00251
6.75	0	0
6.76	2	2.00111
6.77	1	1.00084
6.78	2	2.00152
6.79	3	3.00191
6.8	1	1.00074
6.81	2	2.00143
6.82	3	3.00162
6.83	0	0
6.84	2	2.00109
6.85	3	3.00182
6.86	4	4.00283
6.87	0	0
6.88	4	4.00278
6.89	1	1.00045
6.9	0	0
6.91	4	4.00283
6.92	2	2.00146
6.93	1	1.00074
6.94	3	3.00207
6.95	2	2.00117
6.96	2	2.00143
6.97	2	2.00099
6.98	3	3.00249
6.99	1	1.0006
7	2	2.0015
7.01	1	1.00075
7.02	2	2.0015
7.03	4	4.00327
7.04	3	3.00229
7.05	4	4.00292
7.06	6	6.00471
7.07	6	6.00419
7.08	2	2.00115
7.09	3	3.00219
7.1	2	2.00139
7.11	3	3.0022
7.12	4	4.00346
7.13	1	1.00074
7.14	2	2.00171
7.15	6	6.00441
7.16	10	10.0082
7.17	2	2.00163
7.18	2	2.00148
7.19	4	4.00287
7.2	2	2.00149
7.21	9	9.00728
7.22	8	8.00599
7.23	9	9.00725
7.24	21	21.0154
7.25	12	12.0093
7.26	11	11.0081
7.27	14	14.0111
7.28	22	22.017
7.29	19	19.0146
7.3	31	31.0244
7.31	38	38.0301
7.32	38	38.0286
7.33	30	30.023
7.34	29	29.0232
7.35	26	26.0203
7.36	27	27.0208
7.37	30	30.0235
7.38	33	33.026
7.39	13	13.0102
7.4	13	13.0103
7.41	20	20.0161
7.42	12	12.0096
7.43	14	14.0115
7.44	13	13.0103
7.45	10	10.0078
7.46	10	10.0085
7.47	7	7.00568
7.48	13	13.0099
7.49	9	9.00711
7.5	2	2.00169
7.51	13	13.0101
7.52	6	6.00539
7.53	9	9.00698
7.54	5	5.00407
7.55	5	5.00432
7.56	7	7.0059
7.57	2	2.00175
7.58	2	2.0016
7.59	3	3.00256
7.6	12	12.0095
7.61	8	8.00632
7.62	6	6.00495
7.63	6	6.0044
7.64	8	8.00646
7.65	9	9.00704
7.66	9	9.00708
7.67	7	7.00563
7.68	8	8.00628
7.69	7	7.00556
7.7	8	8.00665
7.71	5	5.00405
7.72	8	8.00659
7.73	7	7.00559
7.74	13	13.0105
7.75	12	12.01
7.76	16	16.0127
7.77	21	21.0181
7.78	18	18.0154
7.79	48	48.0391
7.8	58	58.0486
7.81	74	74.0624
7.82	105	105.087
7.83	141	141.115
7.84	140	140.117
7.85	209	209.171
7.86	264	264.219
7.87	309	309.256
7.88	344	344.279
7.89	336	336.276
7.9	371	371.303
7.91	370	370.305
7.92	302	302.246
7.93	286	286.235
7.94	290	290.24
7.95	245	245.2
7.96	246	246.201
7.97	199	199.163
7.98	165	165.137
7.99	130	130.108
8	111	111.092
8.01	86	86.0717
8.02	70	70.0584
8.03	63	63.0532
8.04	43	43.0358
8.05	33	33.0275
8.06	22	22.0182
8.07	21	21.0172
8.08	12	12.0098
8.09	21	21.0185
8.1	16	16.0142
8.11	14	14.0108
8.12	9	9.00831
8.13	5	5.00399
8.14	9	9.00788
8.15	7	7.00595
8.16	6	6.00485
8.17	3	3.00266
8.18	10	10.0088
8.19	6	6.00488
8.2	1	1.00077
8.21	2	2.00169
8.22	8	8.00644
8.23	5	5.00386
8.24	4	4.00331
8.25	5	5.00395
8.26	8	8.00613
8.27	6	6.00476
8.28	6	6.00546
8.29	4	4.00352
8.3	4	4.00305
8.31	6	6.005
8.32	3	3.00203
8.33	3	3.00256
8.34	5	5.00421
8.35	6	6.00533
8.36	6	6.00508
8.37	2	2.00189
8.38	5	5.00437
8.39	3	3.00229
8.4	7	7.0057
8.41	2	2.00169
8.42	4	4.0032
8.43	5	5.00411
8.44	3	3.00245
8.45	2	2.00158
8.46	3	3.00221
8.47	4	4.00301
8.48	3	3.00258
8.49	3	3.00247
8.5	2	2.00169
8.51	4	4.00365
8.52	2	2.00163
8.53	2	2.00123
8.54	4	4.00356
8.55	9	9.00756
8.56	5	5.00401
8.57	4	4.00312
8.58	4	4.00368
8.59	4	4.00303
8.6	5	5.00405
8.61	2	2.00142
8.62	6	6.00477
8.63	4	4.00346
8.64	2	2.00174
8.65	4	4.00319
8.66	3	3.00241
8.67	0	0
8.68	2	2.00181
8.69	1	1.00095
8.7	2	2.00167
8.71	4	4.00343
8.72	2	2.00138
8.73	3	3.00237
8.74	2	2.00162
8.75	3	3.00239
8.76	4	4.00273
8.77	3	3.00231
8.78	3	3.00191
8.79	3	3.00201
8.8	2	2.00157
8.81	7	7.00553
8.82	2	2.00177
8.83	2	2.00151
8.84	3	3.00231
8.85	1	1.00099
8.86	4	4.00281
8.87	3	3.00205
8.88	3	3.0023
8.89	5	5.0034
8.9	1	1.00058
8.91	2	2.00171
8.92	6	6.00417
8.93	2	2.00178
8.94	3	3.00198
8.95	3	3.00225
8.96	3	3.00281
8.97	3	3.00226
8.98	0	0
8.99	7	7.00584
9	2	2.00183
9.01	0	0
9.02	4	4.00294
9.03	3	3.00243
9.04	1	1.00081
9.05	1	1.0005
9.06	3	3.00217
9.07	5	5.00362
9.08	4	4.00343
9.09	2	2.00132
9.1	2	2.00153
9.11	3	3.00201
9.12	1	1.00051
9.13	6	6.00457
9.14	3	3.00204
9.15	2	2.00118
9.16	0	0
9.17	3	3.00173
9.18	2	2.00134
9.19	2	2.00137
9.2	1	1.00081
9.21	3	3.00209
9.22	1	1.00083
9.23	0	0
9.24	3	3.00157
9.25	3	3.00169
9.26	2	2.00155
9.27	6	6.00403
9.28	4	4.00261
9.29	2	2.00138
9.3	3	3.00188
9.31	1	1.00088
9.32	1	1.00099
9.33	5	5.00347
9.34	1	1.00056
9.35	4	4.00301
9.36	2	2.00124
9.37	1	1.00064
9.38	4	4.00274
9.39	4	4.00236
9.4	2	2.00154
9.41	3	3.00174
9.42	4	4.00268
9.43	3	3.00173
9.44	3	3.00229
9.45	4	4.00287
9.46	1	1.00061
9.47	6	6.00366
9.48	8	8.00504
9.49	8	8.00529
9.5	6	6.00486
9.51	4	4.00288
9.52	11	11.007
9.53	9	9.00563
9.54	8	8.00467
9.55	17	17.0114
9.56	15	15.0095
9.57	20	20.0123
9.58	11	11.0065
9.59	17	17.0109
9.6	18	18.0119
9.61	17	17.0115
9.62	26	26.0176
9.63	32	32.0202
9.64	39	39.025
9.65	50	50.0319
9.66	59	59.0365
9.67	88	88.0545
9.68	104	104.065
9.69	117	117.072
9.7	99	99.0621
9.71	116	116.072
9.72	115	115.072
9.73	107	107.067
9.74	117	117.073
9.75	91	91.0575
9.76	77	77.0478
9.77	54	54.0338
9.78	56	56.0359
9.79	60	60.0387
9.8	38	38.0243
9.81	27	27.0173
9.82	22	22.0142
9.83	17	17.0109
9.84	10	10.0063
9.85	6	6.00367
9.86	9	9.0063
9.87	8	8.00522
9.88	7	7.00464
9.89	4	4.00263
9.9	6	6.00383
9.91	6	6.00392
9.92	3	3.00213
9.93	8	8.00512
9.94	8	8.00517
9.95	4	4.00259
9.96	5	5.00335
9.97	7	7.00439
9.98	3	3.00198
9.99	2	2.00113
10	4	4.00263
10.01	6	6.00421
10.02	6	6.00405
10.03	1	1.00083
10.04	4	4.00323
10.05	4	4.00257
10.06	4	4.00253
10.07	2	2.00139
10.08	4	4.0028
10.09	2	2.00132
10.1	5	5.0034
10.11	3	3.00196
10.12	7	7.00489
10.13	4	4.00246
10.14	3	3.00245
10.15	3	3.002
10.16	5	5.0031
10.17	11	11.0074
10.18	7	7.00446
10.19	5	5.00336
10.2	6	6.004
10.21	7	7.00444
10.22	10	10.007
10.23	6	6.00397
10.24	11	11.0067
10.25	13	13.0091
10.26	11	11.0071
10.27	24	24.0162
10.28	24	24.016
10.29	34	34.0225
10.3	36	36.0241
10.31	31	31.0199
10.32	38	38.0251
10.33	39	39.0258
10.34	65	65.0431
10.35	51	51.0337
10.36	59	59.0395
10.37	46	46.031
10.38	52	52.0354
10.39	32	32.0208
10.4	29	29.0193
10.41	31	31.021
10.42	27	27.0181
10.43	9	9.00602
10.44	21	21.0143
10.45	12	12.0084
10.46	12	12.0082
10.47	7	7.00458
10.48	13	13.0089
10.49	4	4.00247
10.5	11	11.0078
10.51	6	6.00393
10.52	7	7.00448
10.53	11	11.0073
10.54	13	13.0084
10.55	4	4.00268
10.56	10	10.0069
10.57	12	12.0081
10.58	14	14.0094
10.59	16	16.0106
10.6	18	18.0114
10.61	22	22.0155
10.62	32	32.0213
10.63	22	22.0151
10.64	29	29.0199
10.65	22	22.0151
10.66	18	18.0116
10.67	28	28.0188
10.68	12	12.0079
10.69	20	20.0136
10.7	21	21.0143
10.71	19	19.0128
10.72	8	8.00531
10.73	16	16.0111
10.74	14	14.009
10.75	18	18.0121
10.76	22	22.0148
10.77	23	23.0159
10.78	22	22.0143
10.79	21	21.0139
10.8	28	28.0193
10.81	13	13.0089
10.82	23	23.0156
10.83	18	18.012
10.84	15	15.0101
10.85	18	18.0123
10.86	23	23.0152
10.87	11	11.0074
10.88	16	16.0109
10.89	19	19.0123
10.9	13	13.0089
10.91	25	25.0168
10.92	19	19.0124
10.93	17	17.0117
10.94	18	18.0125
10.95	12	12.0081
10.96	16	16.0109
10.97	20	20.0133
10.98	20	20.0134
10.99	22	22.0149
11	22	22.0147
11.01	25	25.0175
11.02	20	20.0133
11.03	15	15.0099
11.04	24	24.0165
11.05	16	16.0108
11.06	21	21.0143
11.07	23	23.0154
11.08	12	12.0075
11.09	20	20.0129
11.1	15	15.0103
11.11	26	26.0172
11.12	12	12.0078
11.13	17	17.0114
11.14	14	14.0095
11.15	19	19.0125
11.16	21	21.0142
11.17	19	19.0123
11.18	19	19.0129
11.19	18	18.0125
11.2	18	18.0119
11.21	22	22.0152
11.22	17	17.0119
11.23	25	25.017
11.24	23	23.0154
11.25	25	25.0169
11.26	10	10.0067
11.27	29	29.0203
11.28	20	20.0138
11.29	14	14.0095
11.3	20	20.0138
11.31	17	17.0112
11.32	20	20.0137
11.33	22	22.015
11.34	19	19.0129
11.35	23	23.0151
11.36	10	10.0069
11.37	20	20.0136
11.38	20	20.0139
11.39	24	24.0165
11.4	24	24.0162
11.41	25	25.0162
11.42	23	23.0154
11.43	18	18.0122
11.44	14	14.0093
11.45	19	19.0127
11.46	8	8.00533
11.47	20	20.0129
11.48	20	20.013
11.49	22	22.0148
11.5	12	12.0077
11.51	19	19.0132
11.52	14	14.0097
11.53	24	24.016
11.54	18	18.0123
11.55	16	16.0106
11.56	16	16.0106
11.57	15	15.0097
11.58	20	20.0132
11.59	12	12.0082
11.6	16	16.0103
11.61	17	17.0115
11.62	17	17.0119
11.63	12	12.0081
11.64	25	25.0168
11.65	17	17.0113
11.66	21	21.014
11.67	17	17.0116
11.68	20	20.014
11.69	13	13.0085
11.7	19	19.0125
11.71	16	16.0107
11.72	21	21.0145
11.73	17	17.0111
11.74	22	22.0144
11.75	22	22.015
11.76	18	18.0122
11.77	18	18.0116
11.78	22	22.0143
11.79	12	12.0082
11.8	19	19.0123
11.81	12	12.0083
11.82	17	17.0106
11.83	18	18.0119
11.84	22	22.0146
11.85	22	22.0141
11.86	20	20.0132
11.87	26	26.0179
11.88	14	14.0091
11.89	18	18.0122
11.9	16	16.0103
11.91	18	18.0121
11.92	24	24.0161
11.93	16	16.0104
11.94	14	14.0091
11.95	16	16.0104
11.96	19	19.0124
11.97	14	14.0091
11.98	17	17.0115
11.99	16	16.0109
12	19	19.0131
12.01	19	19.0124
12.02	21	21.014
12.03	15	15.0094
12.04	19	19.0122
12.05	15	15.0098
12.06	18	18.0118
12.07	19	19.0124
12.08	25	25.0165
12.09	10	10.0069
12.1	13	13.0089
12.11	18	18.0117
12.12	15	15.0098
12.13	11	11.0073
12.14	20	20.0133
12.15	11	11.0073
12.16	8	8.00516
12.17	14	14.0089
12.18	15	15.0095
12.19	12	12.0076
12.2	12	12.0078
12.21	9	9.00573
12.22	11	11.0076
12.23	12	12.008
12.24	13	13.0082
12.25	16	16.0108
12.26	15	15.0099
12.27	16	16.0105
12.28	15	15.01
12.29	9	9.00604
12.3	15	15.0098
12.31	10	10.0063
12.32	7	7.00455
12.33	12	12.0081
12.34	14	14.0098
12.35	12	12.0079
12.36	8	8.00538
12.37	11	11.0075
12.38	12	12.0079
12.39	14	14.0093
12.4	19	19.0127
12.41	11	11.0074
12.42	5	5.0032
12.43	11	11.008
12.44	17	17.0116
12.45	11	11.007
12.46	19	19.0123
12.47	18	18.0122
12.48	9	9.00572
12.49	12	12.0087
12.5	17	17.0112
12.51	11	11.0072
12.52	7	7.00472
12.53	6	6.00444
12.54	5	5.00344
12.55	6	6.00396
12.56	10	10.0067
12.57	13	13.0084
12.58	14	14.0091
12.59	11	11.0072
12.6	7	7.0051
12.61	10	10.0062
12.62	12	12.0081
12.63	16	16.0102
12.64	7	7.00462
12.65	7	7.00463
12.66	6	6.00368
12.67	7	7.00438
12.68	15	15.0098
12.69	9	9.00607
12.7	9	9.006
12.71	11	11.0074
12.72	8	8.00511
12.73	12	12.0073
12.74	7	7.00485
12.75	9	9.00556
12.76	3	3.00193
12.77	10	10.007
12.78	5	5.00316
12.79	14	14.0089
12.8	5	5.00309
12.81	10	10.0068
12.82	7	7.0044
12.83	10	10.0067
12.84	9	9.00583
12.85	9	9.00608
12.86	3	3.00195
12.87	7	7.00438
12.88	10	10.0067
12.89	8	8.00497
12.9	7	7.0045
12.91	5	5.00321
12.92	5	5.00335
12.93	6	6.00372
12.94	3	3.00259
12.95	11	11.0071
12.96	1	1.00068
12.97	7	7.00433
12.98	6	6.00393
12.99	8	8.00513
13	4	4.0032
13.01	4	4.00251
13.02	3	3.00264
13.03	2	2.00124
13.04	0	0
13.05	4	4.00264
13.06	6	6.00379
13.07	2	2.00135
13.08	5	5.0031
13.09	5	5.00331
13.1	8	8.00492
13.11	6	6.00375
13.12	5	5.00316
13.13	4	4.0025
13.14	3	3.00194
13.15	7	7.00446
13.16	4	4.00259
13.17	6	6.00379
13.18	2	2.00133
13.19	8	8.00519
13.2	3	3.00196
13.21	2	2.00119
13.22	6	6.00406
13.23	2	2.00118
13.24	6	6.00403
13.25	2	2.00139
13.26	1	1.00069
13.27	4	4.00271
13.28	5	5.00305
13.29	0	0
13.3	1	1.00068
13.31	1	1.00071
13.32	2	2.00124
13.33	2	2.00122
13.34	0	0
13.35	2	2.00124
13.36	1	1.00065
13.37	0	0
13.38	0	0
13.39	1	1.00059
13.4	4	4.00258
13.41	0	0
13.42	0	0
13.43	0	0
13.44	1	1.0006
13.45	0	0
13.46	0	0
13.47	0	0
